NG071 3.19988448 -83.87105803 -2.695
NG075 3.20037250 -83.82557149 -2.678
NG053 3.18925721 -83.77923166 -2.845
NG061 3.20296111 -83.73293153 -2.868
NG055 3.19458626 -83.69172583 -2.826
NG066 3.24283387 -83.68918962 -3.097
NG051 3.24959172 -83.73710827 -3.015
NG068 3.24308059 -83.77570739 -2.98
NG044 3.24767670 -83.82646436 -2.85
NG074 3.24381610 -83.87105256 -2.859
NG054 3.28887194 -83.87248823 -2.97
NG040 3.28801134 -83.82879973 -2.949
NG070 3.28579932 -83.78182367 -3.013
NG073 3.28938636 -83.73700826 -3.104
NG076 3.28485820 -83.69044962 -2.973
NG065 3.32835913 -83.69110124 -3.102
NG047 3.34190553 -83.73456288 -2.979
NG046 3.33303969 -83.77951673 -2.95
NG063 3.32978400 -83.82654080 -2.972
NG067 3.33374714 -83.86887936 -2.998
NG058 3.36913495 -83.86896497 -2.906
NG057 3.37043156 -83.81941721 -2.963
NG072 3.36979436 -83.77914866 -3.028
NG062 3.36915446 -83.73410558 -3.003
NG069 3.36572468 -83.68856790 -2.988
VA045 3.21475 -83.82851 -2.319
VA145 3.21475 -83.82851 -2.314
VA245 3.21475 -83.82851 -2.309
VA345 3.21475 -83.82851 -2.304
VA052 3.21475 -83.82851 -2.299
VA152 3.21475 -83.82851 -2.294
VA252 3.21475 -83.82851 -2.289
VA352 3.21475 -83.82851 -2.284
VA064 3.21475 -83.82851 -2.279
VA164 3.21475 -83.82851 -2.274
VA264 3.21475 -83.82851 -2.269
VA364 3.21475 -83.82851 -2.264